0.3719
0.35686
0.31428
0.25053
0.17306
0.08809
-1.2426e-06
-0.088092
-0.17306
-0.25053
-0.31428
-0.35686
-0.3719
-0.35686
-0.31428
-0.25053
-0.17306
-0.088091
3.4494e-07
0.088091
0.17306
0.25053
0.31428
0.35686
1.0175
0.94824
0.7742
0.56217
0.3579
0.17289
-2.3963e-06
-0.17289
-0.3579
-0.56216
-0.7742
-0.94824
-1.0175
-0.94824
-0.7742
-0.56217
-0.3579
-0.17289
6.6516e-07
0.17289
0.3579
0.56217
0.7742
0.94824
2.0372
1.8134
1.3212
0.84554
0.49161
0.22705
-3.1084e-06
-0.22706
-0.49162
-0.84553
-1.3212
-1.8134
-2.0372
-1.8134
-1.3212
-0.84554
-0.49162
-0.22705
8.6285e-07
0.22706
0.49162
0.84554
1.3212
1.8134
3.2034
2.7563
1.8473
1.0839
0.5981
0.2712
-3.7005e-06
-0.27121
-0.59811
-1.0839
-1.8473
-2.7563
-3.2034
-2.7563
-1.8473
-1.0839
-0.5981
-0.2712
1.0272e-06
0.2712
0.59811
1.0839
1.8473
2.7563
3.5748
3.0986
2.1146
1.264
0.70492
0.32067
-4.3776e-06
-0.32068
-0.70494
-1.264
-2.1146
-3.0986
-3.5748
-3.0986
-2.1146
-1.264
-0.70493
-0.32068
1.2151e-06
0.32068
0.70493
1.264
2.1146
3.0986
2.8729
2.6177
2.0202
1.3761
0.83475
0.39294
-5.4051e-06
-0.39296
-0.83476
-1.3761
-2.0202
-2.6177
-2.8729
-2.6177
-2.0202
-1.3761
-0.83475
-0.39295
1.5004e-06
0.39295
0.83476
1.3762
2.0202
2.6177
2
1.9319
1.7321
1.4142
0.99999
0.51763
-7.3464e-06
-0.51764
-1
-1.4142
-1.7321
-1.9319
-2
-1.9319
-1.7321
-1.4142
-1
-0.51763
2.0392e-06
0.51764
1
1.4142
1.7321
1.9319
1.4715
1.4665
1.4458
1.3761
1.1664
0.7014
-1.0553e-05
-0.70141
-1.1664
-1.3761
-1.4458
-1.4665
-1.4715
-1.4665
-1.4458
-1.3761
-1.1664
-0.7014
2.9292e-06
0.70141
1.1664
1.3761
1.4458
1.4665
1.1918
1.1968
1.221
1.264
1.2209
0.83025
-1.3131e-05
-0.83027
-1.2209
-1.264
-1.221
-1.1968
-1.1918
-1.1968
-1.221
-1.264
-1.2209
-0.83026
3.6449e-06
0.83026
1.2209
1.264
1.221
1.1968
1.0074
1.0121
1.0359
1.0839
1.0665
0.73855
-1.1767e-05
-0.73856
-1.0665
-1.0839
-1.0359
-1.0121
-1.0074
-1.0121
-1.0359
-1.0839
-1.0665
-0.73855
3.2663e-06
0.73856
1.0665
1.0839
1.0359
1.0121
0.84625
0.84738
0.85151
0.84554
0.76278
0.4859
-7.4831e-06
-0.48591
-0.76278
-0.84554
-0.85151
-0.84738
-0.84625
-0.84738
-0.85151
-0.84554
-0.76278
-0.48591
2.0772e-06
0.48591
0.76278
0.84554
0.85151
0.84738
0.65236
0.64524
0.61989
0.56216
0.44698
0.25408
-3.7376e-06
-0.25408
-0.44698
-0.56216
-0.61989
-0.64524
-0.65236
-0.64524
-0.6199
-0.56216
-0.44698
-0.25408
1.0375e-06
0.25408
0.44698
0.56216
0.6199
0.64524
0.3383
0.32876
0.29974
0.25053
0.18145
0.095619
-1.3661e-06
-0.095622
-0.18145
-0.25053
-0.29974
-0.32876
-0.3383
-0.32876
-0.29974
-0.25053
-0.18145
-0.09562
3.792e-07
0.095621
0.18145
0.25053
0.29975
0.32876
0
0.09562
0.18145
0.25053
0.29974
0.32876
0.3383
0.32876
0.29974
0.25053
0.18145
0.095621
9.8687e-07
-0.095619
-0.18145
-0.25053
-0.29974
-0.32876
-0.3383
-0.32876
-0.29974
-0.25053
-0.18145
-0.095618
0
0.25408
0.44698
0.56217
0.6199
0.64524
0.65236
0.64524
0.6199
0.56217
0.44699
0.25408
2.7001e-06
-0.25408
-0.44698
-0.56217
-0.6199
-0.64524
-0.65236
-0.64524
-0.6199
-0.56216
-0.44698
-0.25408
0
0.4859
0.76277
0.84554
0.85151
0.84738
0.84625
0.84738
0.85151
0.84554
0.76277
0.48591
5.4059e-06
-0.4859
-0.76277
-0.84554
-0.85151
-0.84738
-0.84625
-0.84738
-0.85151
-0.84554
-0.76277
-0.4859
0
0.73855
1.0665
1.0839
1.0359
1.0121
1.0074
1.0121
1.0359
1.0839
1.0665
0.73856
8.5005e-06
-0.73854
-1.0665
-1.0839
-1.0359
-1.0121
-1.0074
-1.0121
-1.0359
-1.0839
-1.0665
-0.73854
0
0.83026
1.2209
1.264
1.221
1.1968
1.1918
1.1968
1.221
1.264
1.2209
0.83027
9.486e-06
-0.83025
-1.2209
-1.264
-1.221
-1.1968
-1.1918
-1.1968
-1.221
-1.264
-1.2209
-0.83025
0
0.7014
1.1664
1.3761
1.4458
1.4665
1.4715
1.4665
1.4458
1.3761
1.1664
0.70141
7.6235e-06
-0.7014
-1.1664
-1.3761
-1.4458
-1.4665
-1.4715
-1.4665
-1.4458
-1.3761
-1.1664
-0.70139
0
0.51764
1
1.4142
1.732
1.9318
2
1.9318
1.732
1.4142
1
0.51765
5.3072e-06
-0.51764
-1
-1.4142
-1.732
-1.9318
-2
-1.9318
-1.732
-1.4142
-1
-0.51763
0
0.39295
0.83475
1.3761
2.0202
2.6177
2.8729
2.6177
2.0202
1.3762
0.83476
0.39295
3.9047e-06
-0.39294
-0.83475
-1.3761
-2.0202
-2.6177
-2.8729
-2.6177
-2.0202
-1.3761
-0.83474
-0.39294
0
0.32068
0.70493
1.264
2.1146
3.0986
3.5748
3.0986
2.1146
1.264
0.70493
0.32068
3.1624e-06
-0.32067
-0.70492
-1.264
-2.1146
-3.0986
-3.5748
-3.0986
-2.1146
-1.264
-0.70492
-0.32067
0
0.2712
0.59811
1.0839
1.8473
2.7563
3.2034
2.7563
1.8473
1.0839
0.59811
0.27121
2.6733e-06
-0.2712
-0.5981
-1.0839
-1.8473
-2.7563
-3.2034
-2.7563
-1.8473
-1.0839
-0.5981
-0.2712
0
0.22705
0.49162
0.84554
1.3212
1.8134
2.0372
1.8134
1.3212
0.84555
0.49162
0.22706
2.2456e-06
-0.22705
-0.49162
-0.84554
-1.3212
-1.8134
-2.0372
-1.8134
-1.3212
-0.84554
-0.49161
-0.22705
0
0.17289
0.3579
0.56216
0.77419
0.94823
1.0175
0.94823
0.77419
0.56217
0.3579
0.17289
1.7311e-06
-0.17289
-0.3579
-0.56216
-0.77419
-0.94823
-1.0175
-0.94823
-0.77419
-0.56216
-0.35789
-0.17289
0
0.088091
0.17306
0.25053
0.31428
0.35686
0.3719
0.35686
0.31428
0.25053
0.17306
0.088093
8.9771e-07
-0.088091
-0.17306
-0.25053
-0.31428
-0.35686
-0.3719
-0.35686
-0.31428
-0.25053
-0.17306
-0.08809
-2.0661
-2.0525
-2.0161
-1.9684
-1.9229
-1.8909
-1.8794
-1.8909
-1.9229
-1.9684
-2.0161
-2.0525
-2.0661
-2.0525
-2.0161
-1.9684
-1.9229
-1.8909
-1.8794
-1.8909
-1.9229
-1.9684
-2.0161
-2.0525
-2.3488
-2.2661
-2.0636
-1.8352
-1.6523
-1.542
-1.5059
-1.542
-1.6523
-1.8352
-2.0636
-2.2661
-2.3488
-2.2661
-2.0636
-1.8352
-1.6523
-1.542
-1.5059
-1.542
-1.6523
-1.8352
-2.0636
-2.2661
-2.7313
-2.517
-2.0453
-1.6032
-1.3182
-1.1761
-1.1346
-1.1761
-1.3182
-1.6032
-2.0453
-2.517
-2.7313
-2.517
-2.0453
-1.6032
-1.3182
-1.1761
-1.1346
-1.1761
-1.3182
-1.6032
-2.0453
-2.517
-2.6849
-2.3916
-1.7878
-1.2847
-1.0026
-0.87823
-0.84436
-0.87823
-1.0026
-1.2847
-1.7878
-2.3916
-2.6849
-2.3916
-1.7878
-1.2847
-1.0026
-0.87823
-0.84436
-0.87823
-1.0026
-1.2847
-1.7878
-2.3916
-1.7938
-1.6097
-1.2252
-0.89698
-0.70744
-0.62171
-0.59801
-0.62171
-0.70744
-0.89697
-1.2252
-1.6097
-1.7938
-1.6097
-1.2252
-0.89698
-0.70744
-0.62171
-0.59801
-0.62171
-0.70744
-0.89698
-1.2252
-1.6097
-0.68038
-0.64181
-0.55246
-0.46091
-0.39538
-0.35956
-0.34849
-0.35956
-0.39539
-0.46091
-0.55246
-0.64181
-0.68038
-0.64181
-0.55246
-0.46091
-0.39539
-0.35956
-0.34849
-0.35956
-0.39539
-0.46091
-0.55246
-0.64181
-7.3465e-06
-7.3464e-06
-7.3464e-06
-7.3464e-06
-7.3464e-06
-7.3464e-06
-7.3464e-06
-7.3464e-06
-7.3464e-06
-7.3464e-06
-7.3464e-06
-7.3464e-06
-7.3465e-06
-7.3464e-06
-7.3464e-06
-7.3464e-06
-7.3464e-06
-7.3464e-06
-7.3464e-06
-7.3464e-06
-7.3464e-06
-7.3464e-06
-7.3464e-06
-7.3464e-06
0.3485
0.35956
0.39539
0.46091
0.55247
0.64182
0.68039
0.64181
0.55246
0.46091
0.39539
0.35956
0.3485
0.35956
0.39539
0.46091
0.55247
0.64182
0.68039
0.64182
0.55246
0.46091
0.39539
0.35956
0.59801
0.62172
0.70745
0.89698
1.2252
1.6097
1.7938
1.6097
1.2252
0.89699
0.70745
0.62172
0.59801
0.62171
0.70745
0.89698
1.2252
1.6097
1.7938
1.6097
1.2252
0.89698
0.70744
0.62171
0.84436
0.87822
1.0026
1.2847
1.7878
2.3916
2.6849
2.3916
1.7878
1.2847
1.0026
0.87823
0.84436
0.87822
1.0026
1.2847
1.7878
2.3916
2.6849
2.3916
1.7878
1.2847
1.0026
0.87822
1.1345
1.1761
1.3182
1.6032
2.0453
2.517
2.7313
2.517
2.0453
1.6032
1.3182
1.1761
1.1345
1.1761
1.3182
1.6032
2.0453
2.517
2.7313
2.517
2.0453
1.6032
1.3182
1.1761
1.5059
1.542
1.6523
1.8352
2.0636
2.2661
2.3488
2.2661
2.0636
1.8352
1.6523
1.542
1.5059
1.542
1.6523
1.8352
2.0636
2.2661
2.3488
2.2661
2.0636
1.8352
1.6523
1.542
1.8794
1.8909
1.9229
1.9684
2.0161
2.0525
2.0661
2.0525
2.0161
1.9684
1.9229
1.8909
1.8794
1.8909
1.9229
1.9684
2.0161
2.0525
2.0661
2.0525
2.0161
1.9684
1.9229
1.8909
