0.19091
0.18919
0.18407
0.17567
0.16421
0.14993
0.13317
0.11425
0.09353
0.071386
0.048177
0.024264
-6.8252e-07
-0.024265
-0.048179
-0.071387
-0.093531
-0.11424
-0.13317
-0.14993
-0.16421
-0.17567
-0.18407
-0.18919
-0.19091
-0.18919
-0.18407
-0.17567
-0.16421
-0.14993
-0.13317
-0.11425
-0.09353
-0.071386
-0.048178
-0.024264
1.8946e-07
0.024265
0.048178
0.071386
0.09353
0.11425
0.13317
0.14993
0.16421
0.17567
0.18407
0.18919
0.46137
0.45627
0.44128
0.41721
0.3853
0.34699
0.30374
0.2569
0.20761
0.15673
0.10491
0.052565
-1.4761e-06
-0.052568
-0.10491
-0.15674
-0.20761
-0.2569
-0.30374
-0.34699
-0.3853
-0.41721
-0.44128
-0.45627
-0.46137
-0.45627
-0.44128
-0.41721
-0.3853
-0.34699
-0.30374
-0.2569
-0.20761
-0.15673
-0.10491
-0.052566
4.0973e-07
0.052567
0.10491
0.15674
0.20761
0.2569
0.30374
0.34699
0.3853
0.41721
0.44128
0.45627
0.79142
0.77972
0.74585
0.69324
0.62662
0.55099
0.47075
0.38915
0.30823
0.22894
0.15143
0.075331
-2.1102e-06
-0.075335
-0.15144
-0.22895
-0.30824
-0.38915
-0.47074
-0.55099
-0.62662
-0.69324
-0.74585
-0.77972
-0.79142
-0.77972
-0.74585
-0.69324
-0.62662
-0.55099
-0.47075
-0.38915
-0.30824
-0.22895
-0.15143
-0.075333
5.8577e-07
0.075334
0.15143
0.22895
0.30824
0.38915
0.47075
0.55099
0.62662
0.69324
0.74585
0.77972
1.2162
1.1917
1.1223
1.0185
0.89391
0.76152
0.63086
0.50733
0.39279
0.28674
0.1874
0.092583
-2.5877e-06
-0.092588
-0.18741
-0.28674
-0.3928
-0.50732
-0.63085
-0.76152
-0.8939
-1.0185
-1.1223
-1.1917
-1.2162
-1.1917
-1.1223
-1.0185
-0.89391
-0.76152
-0.63086
-0.50733
-0.39279
-0.28674
-0.18741
-0.092585
7.1829e-07
0.092587
0.18741
0.28674
0.3928
0.50733
0.63086
0.76152
0.89391
1.0185
1.1223
1.1917
1.7585
1.7121
1.583
1.397
1.1855
0.97495
0.78151
0.61129
0.46335
0.33327
0.21579
0.10607
-2.96e-06
-0.10608
-0.2158
-0.33327
-0.46335
-0.61129
-0.7815
-0.97494
-1.1855
-1.397
-1.583
-1.7121
-1.7585
-1.7121
-1.583
-1.397
-1.1855
-0.97495
-0.78151
-0.6113
-0.46335
-0.33327
-0.21579
-0.10607
8.2165e-07
0.10608
0.21579
0.33327
0.46335
0.6113
0.78151
0.97495
1.1855
1.397
1.583
1.7121
2.3951
2.3174
2.105
1.8086
1.4863
1.1827
0.92035
0.70312
0.52415
0.37307
0.24015
0.11772
-3.2824e-06
-0.11772
-0.24016
-0.37308
-0.52416
-0.70312
-0.92035
-1.1827
-1.4863
-1.8086
-2.105
-2.3174
-2.3951
-2.3174
-2.105
-1.8086
-1.4863
-1.1827
-0.92036
-0.70313
-0.52415
-0.37307
-0.24015
-0.11772
9.1113e-07
0.11772
0.24016
0.37307
0.52415
0.70313
0.92036
1.1827
1.4863
1.8086
2.105
2.3174
3.0231
2.9118
2.6106
2.1992
1.7653
1.3716
1.0453
0.78596
0.57979
0.41023
0.26331
0.12892
-3.5936e-06
-0.12892
-0.26331
-0.41024
-0.5798
-0.78595
-1.0453
-1.3716
-1.7653
-2.1992
-2.6106
-2.9118
-3.0231
-2.9118
-2.6106
-2.1992
-1.7653
-1.3716
-1.0453
-0.78596
-0.5798
-0.41023
-0.26331
-0.12892
9.9751e-07
0.12892
0.26331
0.41023
0.5798
0.78597
1.0453
1.3716
1.7653
2.1992
2.6106
2.9118
3.473
3.3394
2.9794
2.4913
1.9822
1.5265
1.1544
0.86305
0.63437
0.44798
0.28729
0.14062
-3.9196e-06
-0.14063
-0.2873
-0.44799
-0.63438
-0.86304
-1.1544
-1.5265
-1.9822
-2.4913
-2.9794
-3.3394
-3.473
-3.3394
-2.9794
-2.4913
-1.9822
-1.5265
-1.1544
-0.86305
-0.63437
-0.44798
-0.2873
-0.14062
1.088e-06
0.14063
0.2873
0.44798
0.63437
0.86305
1.1544
1.5265
1.9822
2.4913
2.9794
3.3395
3.597
3.4648
3.1071
2.6184
2.1027
1.6344
1.246
0.93714
0.69144
0.48927
0.31405
0.15376
-4.2862e-06
-0.15377
-0.31406
-0.48928
-0.69145
-0.93714
-1.246
-1.6344
-2.1027
-2.6184
-3.1071
-3.4648
-3.597
-3.4649
-3.1071
-2.6184
-2.1027
-1.6344
-1.246
-0.93715
-0.69144
-0.48927
-0.31405
-0.15377
1.1898e-06
0.15377
0.31406
0.48927
0.69145
0.93715
1.246
1.6344
2.1027
2.6184
3.1071
3.4649
3.375
3.2679
2.9744
2.5635
2.1145
1.689
1.3188
1.0101
0.75434
0.53748
0.34618
0.16973
-4.733e-06
-0.16974
-0.34619
-0.53749
-0.75435
-1.0101
-1.3187
-1.689
-2.1145
-2.5635
-2.9744
-3.2679
-3.375
-3.2679
-2.9744
-2.5635
-2.1146
-1.689
-1.3188
-1.0101
-0.75434
-0.53748
-0.34618
-0.16973
1.3138e-06
0.16974
0.34618
0.53749
0.75434
1.0101
1.3188
1.689
2.1146
2.5635
2.9744
3.2679
2.9291
2.858
2.6591
2.3692
2.0336
1.6924
1.3715
1.0825
0.82605
0.59684
0.38752
0.19076
-5.3256e-06
-0.19077
-0.38753
-0.59686
-0.82607
-1.0825
-1.3715
-1.6924
-2.0336
-2.3692
-2.6591
-2.858
-2.9291
-2.858
-2.6591
-2.3692
-2.0337
-1.6924
-1.3715
-1.0825
-0.82606
-0.59685
-0.38752
-0.19076
1.4783e-06
0.19076
0.38753
0.59685
0.82606
1.0825
1.3715
1.6924
2.0337
2.3692
2.6591
2.858
2.4306
2.3919
2.2804
2.1088
1.8941
1.654
1.4035
1.153
0.9084
0.67193
0.44313
0.22005
-6.1608e-06
-0.22007
-0.44314
-0.67194
-0.90842
-1.153
-1.4035
-1.654
-1.8941
-2.1088
-2.2804
-2.3919
-2.4306
-2.3919
-2.2805
-2.1088
-1.8941
-1.654
-1.4035
-1.153
-0.90841
-0.67193
-0.44313
-0.22006
1.7101e-06
0.22006
0.44314
0.67194
0.90841
1.153
1.4035
1.654
1.8941
2.1088
2.2805
2.3919
2
1.9829
1.9319
1.8478
1.7321
1.5867
1.4142
1.2175
0.99999
0.76536
0.51763
0.26104
-7.3464e-06
-0.26106
-0.51764
-0.76537
-1
-1.2175
-1.4142
-1.5867
-1.7321
-1.8478
-1.9319
-1.9829
-2
-1.9829
-1.9319
-1.8478
-1.7321
-1.5867
-1.4142
-1.2175
-1
-0.76536
-0.51763
-0.26105
2.0392e-06
0.26105
0.51764
0.76537
1
1.2175
1.4142
1.5867
1.7321
1.8478
1.9319
1.9829
1.6772
1.6715
1.6538
1.6222
1.5734
1.5026
1.4035
1.2692
1.0936
0.87349
0.61104
0.3149
-8.9283e-06
-0.31491
-0.61106
-0.8735
-1.0936
-1.2692
-1.4035
-1.5026
-1.5734
-1.6222
-1.6538
-1.6715
-1.6772
-1.6715
-1.6538
-1.6222
-1.5734
-1.5026
-1.4035
-1.2692
-1.0936
-0.87349
-0.61105
-0.3149
2.4783e-06
0.31491
0.61105
0.8735
1.0936
1.2692
1.4035
1.5026
1.5734
1.6222
1.6538
1.6715
1.4499
1.449
1.4463
1.4409
1.4308
1.4108
1.3715
1.2986
1.1741
0.98133
0.71249
0.37625
-1.0759e-05
-0.37627
-0.71251
-0.98134
-1.1741
-1.2986
-1.3715
-1.4108
-1.4308
-1.4409
-1.4463
-1.449
-1.4499
-1.449
-1.4463
-1.4409
-1.4308
-1.4108
-1.3715
-1.2986
-1.1741
-0.98134
-0.7125
-0.37626
2.9865e-06
0.37627
0.7125
0.98134
1.1741
1.2986
1.3715
1.4108
1.4308
1.4409
1.4463
1.449
1.2885
1.2893
1.292
1.2976
1.3066
1.3164
1.3188
1.296
1.2208
1.0618
0.79699
0.43022
-1.2397e-05
-0.43024
-0.79701
-1.0619
-1.2208
-1.296
-1.3188
-1.3164
-1.3066
-1.2976
-1.292
-1.2893
-1.2885
-1.2893
-1.292
-1.2976
-1.3066
-1.3164
-1.3188
-1.296
-1.2208
-1.0618
-0.79699
-0.43023
3.4412e-06
0.43023
0.797
1.0618
1.2208
1.296
1.3188
1.3164
1.3066
1.2976
1.292
1.2893
1.1669
1.168
1.1721
1.1812
1.1976
1.2213
1.246
1.2541
1.214
1.0846
0.83254
0.45615
-1.3212e-05
-0.45617
-0.83256
-1.0846
-1.214
-1.2541
-1.246
-1.2213
-1.1976
-1.1812
-1.1721
-1.168
-1.1669
-1.168
-1.1721
-1.1812
-1.1976
-1.2213
-1.246
-1.2541
-1.214
-1.0846
-0.83255
-0.45615
3.6675e-06
0.45616
0.83256
1.0846
1.214
1.2541
1.246
1.2213
1.1976
1.1812
1.1721
1.168
1.0671
1.0682
1.0722
1.0815
1.0988
1.1247
1.1544
1.1713
1.1444
1.0319
0.79831
0.43964
-1.2757e-05
-0.43966
-0.79833
-1.0319
-1.1444
-1.1713
-1.1544
-1.1247
-1.0988
-1.0815
-1.0722
-1.0682
-1.0671
-1.0682
-1.0722
-1.0815
-1.0988
-1.1247
-1.1544
-1.1713
-1.1444
-1.0319
-0.79832
-0.43964
3.5411e-06
0.43965
0.79832
1.0319
1.1444
1.1713
1.1544
1.1247
1.0988
1.0815
1.0722
1.0682
0.97832
0.97924
0.98268
0.99038
1.0042
1.0243
1.0453
1.0525
1.0192
0.91093
0.6995
0.38334
-1.1104e-05
-0.38336
-0.69952
-0.91094
-1.0192
-1.0525
-1.0453
-1.0243
-1.0042
-0.99038
-0.98268
-0.97924
-0.97832
-0.97924
-0.98268
-0.99038
-1.0042
-1.0243
-1.0453
-1.0525
-1.0192
-0.91094
-0.69951
-0.38335
3.0824e-06
0.38335
0.69951
0.91094
1.0192
1.0525
1.0453
1.0243
1.0042
0.99038
0.98268
0.97924
0.8936
0.89418
0.89627
0.90068
0.90786
0.91633
0.92035
0.90751
0.85811
0.74913
0.56402
0.30509
-8.7975e-06
-0.3051
-0.56403
-0.74914
-0.85811
-0.90751
-0.92035
-0.91633
-0.90786
-0.90068
-0.89627
-0.89418
-0.8936
-0.89418
-0.89627
-0.90068
-0.90786
-0.91633
-0.92035
-0.90751
-0.85811
-0.74913
-0.56403
-0.30509
2.442e-06
0.3051
0.56403
0.74913
0.85811
0.90751
0.92035
0.91633
0.90786
0.90068
0.89627
0.89418
0.80584
0.80571
0.80534
0.80458
0.80254
0.79665
0.7815
0.7481
0.68446
0.57866
0.42415
0.22539
-6.4593e-06
-0.22541
-0.42416
-0.57866
-0.68447
-0.7481
-0.7815
-0.79665
-0.80254
-0.80458
-0.80534
-0.80571
-0.80584
-0.80571
-0.80534
-0.80458
-0.80254
-0.79665
-0.7815
-0.7481
-0.68446
-0.57866
-0.42415
-0.2254
1.793e-06
0.2254
0.42415
0.57866
0.68446
0.7481
0.7815
0.79665
0.80254
0.80458
0.80534
0.80571
0.70447
0.70326
0.69941
0.69225
0.68034
0.66116
0.63086
0.58434
0.5161
0.42186
0.30071
0.15689
-4.4673e-06
-0.1569
-0.30072
-0.42186
-0.5161
-0.58433
-0.63085
-0.66116
-0.68034
-0.69225
-0.69941
-0.70326
-0.70447
-0.70326
-0.69941
-0.69225
-0.68034
-0.66116
-0.63086
-0.58434
-0.5161
-0.42186
-0.30071
-0.15689
1.24e-06
0.15689
0.30071
0.42186
0.5161
0.58434
0.63086
0.66116
0.68034
0.69225
0.69941
0.70326
0.57449
0.57221
0.56515
0.55272
0.53388
0.50715
0.47074
0.42279
0.36177
0.28714
0.19985
0.10265
-2.907e-06
-0.10265
-0.19985
-0.28715
-0.36178
-0.42278
-0.47074
-0.50715
-0.53387
-0.55272
-0.56515
-0.57221
-0.57449
-0.57221
-0.56515
-0.55272
-0.53388
-0.50715
-0.47074
-0.42279
-0.36178
-0.28715
-0.19985
-0.10265
8.0694e-07
0.10265
0.19985
0.28715
0.36178
0.42279
0.47074
0.50715
0.53388
0.55272
0.56515
0.57221
0.40184
0.39928
0.39152
0.37839
0.35959
0.3348
0.30374
0.26625
0.22245
0.17281
0.11824
0.060067
-1.6947e-06
-0.06007
-0.11824
-0.17281
-0.22245
-0.26625
-0.30373
-0.3348
-0.35959
-0.37839
-0.39152
-0.39928
-0.40184
-0.39928
-0.39152
-0.37839
-0.35959
-0.3348
-0.30374
-0.26625
-0.22245
-0.17281
-0.11824
-0.060068
4.7041e-07
0.060069
0.11824
0.17281
0.22245
0.26625
0.30374
0.3348
0.35959
0.37839
0.39152
0.39928
0.18581
0.1843
0.1798
0.17234
0.162
0.14888
0.13316
0.11505
0.094802
0.072764
0.049319
0.024906
-7.0123e-07
-0.024907
-0.04932
-0.072765
-0.094803
-0.11505
-0.13316
-0.14888
-0.162
-0.17234
-0.1798
-0.1843
-0.18581
-0.1843
-0.1798
-0.17234
-0.162
-0.14888
-0.13316
-0.11505
-0.094803
-0.072764
-0.049319
-0.024906
1.9465e-07
0.024907
0.04932
0.072764
0.094803
0.11505
0.13316
0.14888
0.162
0.17234
0.1798
0.1843
0
0.024907
0.04932
0.072765
0.094804
0.11505
0.13317
0.14889
0.162
0.17234
0.1798
0.18431
0.18581
0.18431
0.1798
0.17234
0.162
0.14889
0.13317
0.11505
0.094805
0.072766
0.049321
0.024908
5.0659e-07
-0.024907
-0.04932
-0.072765
-0.094804
-0.11505
-0.13317
-0.14889
-0.162
-0.17234
-0.1798
-0.18431
-0.18581
-0.18431
-0.1798
-0.17234
-0.162
-0.14889
-0.13317
-0.11505
-0.094804
-0.072765
-0.04932
-0.024906
0
0.060069
0.11824
0.17282
0.22246
0.26625
0.30374
0.3348
0.35959
0.37839
0.39153
0.39928
0.40184
0.39928
0.39153
0.37839
0.35959
0.3348
0.30374
0.26626
0.22246
0.17282
0.11824
0.060071
1.2243e-06
-0.060068
-0.11824
-0.17281
-0.22245
-0.26625
-0.30374
-0.3348
-0.35959
-0.37839
-0.39153
-0.39928
-0.40184
-0.39928
-0.39153
-0.37839
-0.35959
-0.3348
-0.30374
-0.26625
-0.22245
-0.17281
-0.11824
-0.060067
0
0.10265
0.19985
0.28715
0.36178
0.42279
0.47075
0.50715
0.53388
0.55273
0.56516
0.57221
0.5745
0.57221
0.56516
0.55272
0.53388
0.50715
0.47075
0.42279
0.36178
0.28715
0.19985
0.10265
2.1001e-06
-0.10265
-0.19985
-0.28715
-0.36178
-0.42279
-0.47075
-0.50715
-0.53388
-0.55273
-0.56516
-0.57221
-0.5745
-0.57221
-0.56516
-0.55272
-0.53388
-0.50715
-0.47074
-0.42279
-0.36178
-0.28715
-0.19985
-0.10265
0
0.15689
0.30071
0.42186
0.5161
0.58434
0.63085
0.66116
0.68034
0.69225
0.69941
0.70326
0.70447
0.70326
0.69941
0.69225
0.68034
0.66116
0.63086
0.58434
0.5161
0.42186
0.30072
0.1569
3.2273e-06
-0.15689
-0.30071
-0.42186
-0.5161
-0.58434
-0.63085
-0.66116
-0.68034
-0.69225
-0.69941
-0.70326
-0.70447
-0.70326
-0.69941
-0.69225
-0.68034
-0.66116
-0.63085
-0.58433
-0.5161
-0.42186
-0.30071
-0.15689
0
0.2254
0.42415
0.57867
0.68447
0.7481
0.78151
0.79665
0.80254
0.80458
0.80534
0.80572
0.80585
0.80572
0.80534
0.80458
0.80254
0.79665
0.78151
0.74811
0.68447
0.57867
0.42416
0.22541
4.6664e-06
-0.2254
-0.42415
-0.57866
-0.68447
-0.7481
-0.78151
-0.79665
-0.80254
-0.80458
-0.80534
-0.80572
-0.80585
-0.80572
-0.80534
-0.80458
-0.80254
-0.79665
-0.78151
-0.7481
-0.68447
-0.57866
-0.42415
-0.22539
0
0.3051
0.56403
0.74913
0.85811
0.90751
0.92035
0.91633
0.90786
0.90068
0.89627
0.89418
0.8936
0.89418
0.89627
0.90068
0.90786
0.91633
0.92035
0.90751
0.85811
0.74914
0.56403
0.3051
6.3555e-06
-0.30509
-0.56402
-0.74913
-0.85811
-0.90751
-0.92035
-0.91633
-0.90786
-0.90068
-0.89627
-0.89418
-0.8936
-0.89418
-0.89627
-0.90068
-0.90786
-0.91633
-0.92035
-0.90751
-0.85811
-0.74913
-0.56402
-0.30509
0
0.38335
0.69951
0.91094
1.0192
1.0525
1.0453
1.0243
1.0042
0.99038
0.98268
0.97924
0.97832
0.97924
0.98268
0.99038
1.0042
1.0243
1.0453
1.0525
1.0192
0.91094
0.69951
0.38336
8.022e-06
-0.38334
-0.6995
-0.91093
-1.0192
-1.0525
-1.0453
-1.0243
-1.0042
-0.99038
-0.98268
-0.97924
-0.97832
-0.97924
-0.98268
-0.99038
-1.0042
-1.0243
-1.0453
-1.0525
-1.0192
-0.91093
-0.6995
-0.38334
0
0.43965
0.79832
1.0319
1.1444
1.1713
1.1544
1.1247
1.0988
1.0815
1.0722
1.0682
1.0671
1.0682
1.0722
1.0815
1.0988
1.1247
1.1544
1.1713
1.1444
1.0319
0.79832
0.43966
9.2158e-06
-0.43964
-0.79831
-1.0319
-1.1444
-1.1713
-1.1544
-1.1247
-1.0988
-1.0815
-1.0722
-1.0682
-1.0671
-1.0682
-1.0722
-1.0815
-1.0988
-1.1247
-1.1544
-1.1713
-1.1444
-1.0319
-0.79831
-0.43963
0
0.45616
0.83255
1.0846
1.214
1.2541
1.246
1.2213
1.1976
1.1812
1.1721
1.168
1.1669
1.168
1.1721
1.1812
1.1976
1.2213
1.246
1.2541
1.214
1.0846
0.83256
0.45617
9.5448e-06
-0.45615
-0.83255
-1.0846
-1.214
-1.2541
-1.246
-1.2213
-1.1976
-1.1812
-1.1721
-1.168
-1.1669
-1.168
-1.1721
-1.1812
-1.1976
-1.2213
-1.246
-1.2541
-1.214
-1.0846
-0.83254
-0.45614
0
0.43023
0.79699
1.0618
1.2208
1.296
1.3188
1.3164
1.3066
1.2976
1.292
1.2893
1.2885
1.2893
1.292
1.2976
1.3066
1.3164
1.3188
1.296
1.2208
1.0619
0.797
0.43024
8.9557e-06
-0.43022
-0.79699
-1.0618
-1.2208
-1.296
-1.3188
-1.3164
-1.3066
-1.2976
-1.292
-1.2893
-1.2885
-1.2893
-1.292
-1.2976
-1.3066
-1.3164
-1.3188
-1.296
-1.2208
-1.0618
-0.79698
-0.43022
0
0.37627
0.7125
0.98134
1.1741
1.2986
1.3715
1.4108
1.4308
1.4409
1.4463
1.449
1.4498
1.449
1.4463
1.4409
1.4308
1.4108
1.3715
1.2986
1.1741
0.98135
0.71251
0.37627
7.7726e-06
-0.37626
-0.7125
-0.98134
-1.1741
-1.2986
-1.3715
-1.4108
-1.4308
-1.4409
-1.4463
-1.449
-1.4498
-1.449
-1.4463
-1.4409
-1.4308
-1.4108
-1.3715
-1.2986
-1.1741
-0.98134
-0.7125
-0.37625
0
0.3149
0.61104
0.87349
1.0936
1.2692
1.4035
1.5026
1.5734
1.6222
1.6538
1.6715
1.6772
1.6715
1.6538
1.6222
1.5734
1.5026
1.4035
1.2692
1.0936
0.8735
0.61105
0.31491
6.4499e-06
-0.3149
-0.61104
-0.87349
-1.0936
-1.2692
-1.4035
-1.5026
-1.5734
-1.6222
-1.6538
-1.6715
-1.6772
-1.6715
-1.6538
-1.6222
-1.5734
-1.5026
-1.4035
-1.2692
-1.0936
-0.87348
-0.61104
-0.31489
0
0.26105
0.51764
0.76537
1
1.2175
1.4142
1.5867
1.732
1.8478
1.9318
1.9829
2
1.9829
1.9318
1.8477
1.732
1.5867
1.4142
1.2175
1
0.76538
0.51765
0.26106
5.3072e-06
-0.26105
-0.51764
-0.76537
-1
-1.2175
-1.4142
-1.5867
-1.732
-1.8478
-1.9318
-1.9829
-2
-1.9829
-1.9318
-1.8478
-1.732
-1.5867
-1.4142
-1.2175
-1
-0.76536
-0.51763
-0.26105
0
0.22006
0.44313
0.67193
0.90841
1.153
1.4035
1.654
1.8941
2.1088
2.2805
2.3919
2.4306
2.3919
2.2805
2.1088
1.8941
1.654
1.4035
1.153
0.90841
0.67194
0.44314
0.22006
4.4507e-06
-0.22006
-0.44313
-0.67193
-0.9084
-1.153
-1.4035
-1.654
-1.8941
-2.1088
-2.2805
-2.3919
-2.4306
-2.3919
-2.2805
-2.1088
-1.8941
-1.654
-1.4035
-1.153
-0.9084
-0.67192
-0.44312
-0.22005
0
0.19076
0.38753
0.59685
0.82606
1.0825
1.3715
1.6924
2.0336
2.3692
2.6591
2.858
2.929
2.858
2.6591
2.3691
2.0336
1.6924
1.3715
1.0825
0.82607
0.59686
0.38753
0.19077
3.8473e-06
-0.19076
-0.38752
-0.59685
-0.82606
-1.0825
-1.3715
-1.6924
-2.0336
-2.3692
-2.6591
-2.858
-2.929
-2.858
-2.6591
-2.3691
-2.0336
-1.6924
-1.3715
-1.0825
-0.82606
-0.59685
-0.38752
-0.19076
0
0.16974
0.34618
0.53748
0.75434
1.0101
1.3188
1.689
2.1146
2.5635
2.9744
3.2679
3.375
3.2679
2.9744
2.5635
2.1145
1.689
1.3188
1.0101
0.75435
0.53749
0.34618
0.16974
3.4192e-06
-0.16973
-0.34618
-0.53748
-0.75434
-1.0101
-1.3187
-1.689
-2.1145
-2.5635
-2.9744
-3.2679
-3.375
-3.2679
-2.9744
-2.5635
-2.1145
-1.689
-1.3187
-1.0101
-0.75433
-0.53748
-0.34617
-0.16973
0
0.15377
0.31405
0.48927
0.69144
0.93714
1.246
1.6344
2.1027
2.6184
3.1071
3.4649
3.597
3.4648
3.1071
2.6184
2.1026
1.6344
1.246
0.93715
0.69145
0.48927
0.31406
0.15377
3.0964e-06
-0.15377
-0.31405
-0.48927
-0.69144
-0.93714
-1.246
-1.6344
-2.1027
-2.6184
-3.1071
-3.4649
-3.597
-3.4648
-3.1071
-2.6184
-2.1027
-1.6344
-1.246
-0.93714
-0.69144
-0.48926
-0.31405
-0.15376
0
0.14063
0.2873
0.44798
0.63437
0.86305
1.1544
1.5265
1.9822
2.4913
2.9794
3.3395
3.473
3.3394
2.9793
2.4913
1.9822
1.5265
1.1544
0.86306
0.63438
0.44799
0.2873
0.14063
2.8316e-06
-0.14062
-0.2873
-0.44798
-0.63437
-0.86305
-1.1544
-1.5265
-1.9822
-2.4913
-2.9794
-3.3394
-3.473
-3.3394
-2.9794
-2.4913
-1.9822
-1.5265
-1.1544
-0.86304
-0.63436
-0.44798
-0.28729
-0.14062
0
0.12892
0.26331
0.41023
0.5798
0.78596
1.0453
1.3716
1.7653
2.1992
2.6106
2.9118
3.0231
2.9118
2.6106
2.1992
1.7653
1.3716
1.0453
0.78597
0.5798
0.41023
0.26331
0.12892
2.5961e-06
-0.12892
-0.26331
-0.41023
-0.5798
-0.78596
-1.0453
-1.3716
-1.7653
-2.1992
-2.6106
-2.9118
-3.0231
-2.9118
-2.6106
-2.1992
-1.7653
-1.3716
-1.0453
-0.78596
-0.57979
-0.41023
-0.26331
-0.12892
0
0.11772
0.24015
0.37307
0.52415
0.70312
0.92035
1.1827
1.4863
1.8086
2.105
2.3174
2.3951
2.3174
2.105
1.8086
1.4863
1.1827
0.92036
0.70313
0.52416
0.37308
0.24016
0.11772
2.3712e-06
-0.11772
-0.24015
-0.37307
-0.52415
-0.70312
-0.92035
-1.1827
-1.4863
-1.8086
-2.105
-2.3174
-2.3951
-2.3174
-2.105
-1.8086
-1.4863
-1.1827
-0.92035
-0.70312
-0.52415
-0.37307
-0.24015
-0.11772
0
0.10607
0.21579
0.33327
0.46335
0.61129
0.7815
0.97494
1.1855
1.397
1.583
1.7121
1.7585
1.7121
1.5829
1.397
1.1855
0.97495
0.78151
0.6113
0.46335
0.33327
0.21579
0.10608
2.1384e-06
-0.10607
-0.21579
-0.33327
-0.46334
-0.61129
-0.7815
-0.97494
-1.1855
-1.397
-1.5829
-1.7121
-1.7585
-1.7121
-1.5829
-1.397
-1.1855
-0.97494
-0.7815
-0.61129
-0.46334
-0.33326
-0.21579
-0.10607
0
0.092586
0.18741
0.28674
0.39279
0.50733
0.63086
0.76152
0.89391
1.0185
1.1223
1.1917
1.2162
1.1917
1.1223
1.0185
0.8939
0.76153
0.63086
0.50733
0.3928
0.28674
0.18741
0.092588
1.8694e-06
-0.092584
-0.18741
-0.28674
-0.39279
-0.50733
-0.63085
-0.76152
-0.89391
-1.0185
-1.1223
-1.1917
-1.2162
-1.1917
-1.1223
-1.0185
-0.89391
-0.76152
-0.63085
-0.50732
-0.39279
-0.28674
-0.1874
-0.092582
0
0.075333
0.15143
0.22894
0.30823
0.38915
0.47074
0.55099
0.62661
0.69323
0.74584
0.77971
0.79141
0.77971
0.74584
0.69323
0.62661
0.55099
0.47074
0.38915
0.30824
0.22895
0.15143
0.075334
1.5245e-06
-0.075331
-0.15143
-0.22894
-0.30823
-0.38915
-0.47074
-0.55099
-0.62661
-0.69323
-0.74584
-0.77971
-0.79141
-0.77971
-0.74584
-0.69323
-0.62661
-0.55098
-0.47074
-0.38915
-0.30823
-0.22894
-0.15143
-0.07533
0
0.052566
0.10491
0.15673
0.20761
0.2569
0.30374
0.34698
0.3853
0.41721
0.44127
0.45626
0.46136
0.45626
0.44127
0.41721
0.3853
0.34699
0.30374
0.2569
0.20761
0.15673
0.10491
0.052567
1.0663e-06
-0.052565
-0.10491
-0.15673
-0.20761
-0.2569
-0.30374
-0.34698
-0.3853
-0.41721
-0.44127
-0.45626
-0.46136
-0.45626
-0.44127
-0.41721
-0.3853
-0.34698
-0.30373
-0.2569
-0.20761
-0.15673
-0.10491
-0.052564
0
0.024264
0.048177
0.071385
0.093528
0.11424
0.13316
0.14993
0.1642
0.17567
0.18406
0.18918
0.19091
0.18918
0.18406
0.17567
0.1642
0.14993
0.13316
0.11424
0.093529
0.071385
0.048177
0.024264
4.9306e-07
-0.024263
-0.048176
-0.071384
-0.093528
-0.11424
-0.13316
-0.14993
-0.1642
-0.17567
-0.18406
-0.18918
-0.19091
-0.18918
-0.18406
-0.17567
-0.1642
-0.14993
-0.13316
-0.11424
-0.093528
-0.071384
-0.048176
-0.024263
-2.0184
-2.0175
-2.0147
-2.0103
-2.0047
-1.9981
-1.9911
-1.9842
-1.9777
-1.9722
-1.9681
-1.9654
-1.9645
-1.9654
-1.9681
-1.9722
-1.9777
-1.9842
-1.9911
-1.9981
-2.0047
-2.0103
-2.0147
-2.0175
-2.0184
-2.0175
-2.0147
-2.0103
-2.0047
-1.9981
-1.9911
-1.9842
-1.9777
-1.9722
-1.9681
-1.9654
-1.9645
-1.9654
-1.9681
-1.9722
-1.9777
-1.9842
-1.9911
-1.9981
-2.0047
-2.0103
-2.0147
-2.0175
-2.098
-2.0927
-2.0774
-2.0535
-2.0232
-1.9889
-1.9533
-1.919
-1.8882
-1.8624
-1.8432
-1.8313
-1.8273
-1.8313
-1.8432
-1.8624
-1.8882
-1.919
-1.9533
-1.9889
-2.0232
-2.0535
-2.0774
-2.0927
-2.098
-2.0927
-2.0774
-2.0535
-2.0232
-1.9889
-1.9533
-1.919
-1.8882
-1.8624
-1.8432
-1.8313
-1.8273
-1.8313
-1.8432
-1.8624
-1.8882
-1.919
-1.9533
-1.9889
-2.0232
-2.0535
-2.0774
-2.0927
-2.242
-2.2279
-2.1874
-2.1257
-2.0498
-1.9675
-1.8859
-1.8109
-1.7464
-1.6948
-1.6575
-1.635
-1.6275
-1.635
-1.6575
-1.6948
-1.7464
-1.8109
-1.8859
-1.9675
-2.0497
-2.1257
-2.1874
-2.2279
-2.242
-2.2279
-2.1874
-2.1257
-2.0498
-1.9675
-1.8859
-1.8109
-1.7464
-1.6948
-1.6575
-1.635
-1.6275
-1.635
-1.6575
-1.6948
-1.7464
-1.8109
-1.8859
-1.9675
-2.0498
-2.1257
-2.1874
-2.2279
-2.4401
-2.4116
-2.3311
-2.2117
-2.0709
-1.9258
-1.79
-1.672
-1.5762
-1.5033
-1.4528
-1.4231
-1.4134
-1.4231
-1.4528
-1.5033
-1.5762
-1.672
-1.79
-1.9258
-2.0709
-2.2117
-2.3311
-2.4116
-2.4401
-2.4116
-2.3311
-2.2117
-2.0709
-1.9258
-1.79
-1.672
-1.5762
-1.5033
-1.4528
-1.4231
-1.4134
-1.4231
-1.4528
-1.5033
-1.5762
-1.672
-1.79
-1.9258
-2.0709
-2.2117
-2.3311
-2.4116
-2.6522
-2.6044
-2.4716
-2.2806
-2.0646
-1.8534
-1.6669
-1.5145
-1.3976
-1.3134
-1.2575
-1.2257
-1.2154
-1.2257
-1.2575
-1.3134
-1.3976
-1.5145
-1.6669
-1.8534
-2.0646
-2.2806
-2.4716
-2.6044
-2.6522
-2.6044
-2.4716
-2.2806
-2.0646
-1.8534
-1.6669
-1.5145
-1.3976
-1.3134
-1.2575
-1.2257
-1.2154
-1.2257
-1.2575
-1.3134
-1.3976
-1.5145
-1.6669
-1.8534
-2.0646
-2.2806
-2.4716
-2.6044
-2.7943
-2.727
-2.5425
-2.2839
-2.0023
-1.7392
-1.5185
-1.3475
-1.223
-1.1374
-1.0825
-1.0522
-1.0425
-1.0522
-1.0825
-1.1374
-1.223
-1.3475
-1.5185
-1.7392
-2.0023
-2.2838
-2.5425
-2.727
-2.7943
-2.727
-2.5425
-2.2839
-2.0023
-1.7392
-1.5185
-1.3475
-1.223
-1.1374
-1.0825
-1.0522
-1.0425
-1.0522
-1.0825
-1.1374
-1.223
-1.3475
-1.5185
-1.7392
-2.0023
-2.2839
-2.5425
-2.727
-2.7549
-2.6764
-2.463
-2.1693
-1.8576
-1.5755
-1.3471
-1.1766
-1.0567
-0.9769
-0.92711
-0.90009
-0.89154
-0.90009
-0.92711
-0.9769
-1.0567
-1.1766
-1.3471
-1.5755
-1.8576
-2.1692
-2.463
-2.6764
-2.7549
-2.6764
-2.463
-2.1693
-1.8576
-1.5755
-1.3471
-1.1766
-1.0567
-0.9769
-0.92711
-0.90009
-0.89154
-0.90009
-0.92711
-0.9769
-1.0567
-1.1766
-1.3471
-1.5755
-1.8576
-2.1693
-2.463
-2.6764
-2.4578
-2.3837
-2.1828
-1.9083
-1.6198
-1.3617
-1.1553
-1.0033
-0.89786
-0.82843
-0.78555
-0.76243
-0.75515
-0.76243
-0.78555
-0.82844
-0.89787
-1.0033
-1.1553
-1.3617
-1.6198
-1.9083
-2.1828
-2.3837
-2.4578
-2.3837
-2.1828
-1.9083
-1.6198
-1.3617
-1.1553
-1.0033
-0.89786
-0.82844
-0.78555
-0.76243
-0.75515
-0.76243
-0.78555
-0.82844
-0.89787
-1.0033
-1.1553
-1.3617
-1.6198
-1.9083
-2.1828
-2.3837
-1.931
-1.8762
-1.7269
-1.5215
-1.3035
-1.106
-0.946
-0.82645
-0.74241
-0.68638
-0.65143
-0.63245
-0.62645
-0.63245
-0.65143
-0.68638
-0.74241
-0.82644
-0.946
-1.106
-1.3034
-1.5215
-1.7269
-1.8762
-1.931
-1.8762
-1.7269
-1.5215
-1.3035
-1.106
-0.946
-0.82645
-0.74241
-0.68638
-0.65143
-0.63245
-0.62645
-0.63245
-0.65143
-0.68638
-0.74241
-0.82645
-0.946
-1.106
-1.3035
-1.5215
-1.7269
-1.8762
-1.3072
-1.2766
-1.1927
-1.0747
-0.94569
-0.82456
-0.72234
-0.64267
-0.58433
-0.54399
-0.51805
-0.50366
-0.49906
-0.50366
-0.51805
-0.54399
-0.58434
-0.64267
-0.72234
-0.82456
-0.94569
-1.0747
-1.1927
-1.2766
-1.3072
-1.2766
-1.1927
-1.0747
-0.9457
-0.82456
-0.72234
-0.64267
-0.58434
-0.54399
-0.51805
-0.50366
-0.49906
-0.50366
-0.51805
-0.54399
-0.58434
-0.64267
-0.72234
-0.82456
-0.9457
-1.0747
-1.1927
-1.2766
-0.73655
-0.72488
-0.69225
-0.64484
-0.59049
-0.53642
-0.48774
-0.44716
-0.41544
-0.39219
-0.37651
-0.36751
-0.36458
-0.36751
-0.37651
-0.39219
-0.41545
-0.44716
-0.48774
-0.53642
-0.59049
-0.64484
-0.69225
-0.72488
-0.73655
-0.72488
-0.69225
-0.64484
-0.5905
-0.53642
-0.48774
-0.44716
-0.41544
-0.39219
-0.37651
-0.36751
-0.36458
-0.36751
-0.37651
-0.39219
-0.41544
-0.44716
-0.48774
-0.53642
-0.5905
-0.64484
-0.69225
-0.72488
-0.30091
-0.29868
-0.29228
-0.28258
-0.27077
-0.25811
-0.24572
-0.23448
-0.22492
-0.21737
-0.21196
-0.20872
-0.20764
-0.20872
-0.21196
-0.21737
-0.22492
-0.23448
-0.24572
-0.25811
-0.27077
-0.28258
-0.29228
-0.29868
-0.30091
-0.29868
-0.29228
-0.28258
-0.27077
-0.25811
-0.24572
-0.23448
-0.22492
-0.21737
-0.21196
-0.20872
-0.20764
-0.20872
-0.21196
-0.21737
-0.22492
-0.23448
-0.24573
-0.25811
-0.27077
-0.28258
-0.29228
-0.29868
-7.3465e-06
-7.3465e-06
-7.3464e-06
-7.3464e-06
-7.3464e-06
-7.3464e-06
-7.3464e-06
-7.3464e-06
-7.3464e-06
-7.3464e-06
-7.3464e-06
-7.3464e-06
-7.3464e-06
-7.3464e-06
-7.3464e-06
-7.3464e-06
-7.3464e-06
-7.3464e-06
-7.3464e-06
-7.3464e-06
-7.3464e-06
-7.3464e-06
-7.3464e-06
-7.3465e-06
-7.3465e-06
-7.3465e-06
-7.3464e-06
-7.3464e-06
-7.3464e-06
-7.3464e-06
-7.3464e-06
-7.3464e-06
-7.3464e-06
-7.3464e-06
-7.3464e-06
-7.3464e-06
-7.3464e-06
-7.3464e-06
-7.3464e-06
-7.3464e-06
-7.3464e-06
-7.3464e-06
-7.3464e-06
-7.3464e-06
-7.3464e-06
-7.3464e-06
-7.3464e-06
-7.3465e-06
0.20765
0.20872
0.21197
0.21738
0.22493
0.23448
0.24573
0.25811
0.27077
0.28259
0.29229
0.29868
0.30092
0.29868
0.29229
0.28259
0.27077
0.25811
0.24573
0.23448
0.22493
0.21738
0.21197
0.20872
0.20765
0.20872
0.21197
0.21738
0.22493
0.23448
0.24573
0.25811
0.27077
0.28259
0.29229
0.29868
0.30092
0.29868
0.29229
0.28259
0.27077
0.25811
0.24573
0.23448
0.22493
0.21738
0.21197
0.20872
0.36457
0.3675
0.3765
0.39218
0.41543
0.44715
0.48772
0.5364
0.59048
0.64482
0.69222
0.72485
0.73652
0.72485
0.69222
0.64481
0.59047
0.53641
0.48773
0.44715
0.41543
0.39218
0.3765
0.3675
0.36457
0.3675
0.3765
0.39218
0.41543
0.44715
0.48772
0.5364
0.59047
0.64482
0.69222
0.72485
0.73652
0.72485
0.69222
0.64482
0.59047
0.5364
0.48772
0.44714
0.41543
0.39218
0.3765
0.3675
0.49907
0.50366
0.51805
0.54399
0.58434
0.64268
0.72235
0.82457
0.94571
1.0747
1.1927
1.2767
1.3072
1.2766
1.1927
1.0747
0.9457
0.82457
0.72235
0.64268
0.58434
0.54399
0.51805
0.50366
0.49907
0.50366
0.51805
0.54399
0.58434
0.64268
0.72235
0.82457
0.9457
1.0747
1.1927
1.2766
1.3072
1.2766
1.1927
1.0747
0.9457
0.82456
0.72235
0.64268
0.58434
0.54399
0.51805
0.50366
0.62645
0.63245
0.65143
0.68638
0.74241
0.82645
0.94601
1.106
1.3035
1.5215
1.7269
1.8762
1.931
1.8762
1.7269
1.5215
1.3035
1.106
0.94601
0.82645
0.74241
0.68638
0.65143
0.63245
0.62645
0.63245
0.65143
0.68638
0.74241
0.82645
0.94601
1.106
1.3035
1.5215
1.7269
1.8762
1.931
1.8762
1.7269
1.5215
1.3035
1.106
0.946
0.82645
0.74241
0.68638
0.65143
0.63245
0.75515
0.76243
0.78555
0.82843
0.89786
1.0033
1.1553
1.3617
1.6198
1.9083
2.1828
2.3837
2.4578
2.3837
2.1828
1.9083
1.6198
1.3617
1.1553
1.0033
0.89787
0.82844
0.78555
0.76243
0.75515
0.76243
0.78555
0.82843
0.89786
1.0033
1.1553
1.3617
1.6198
1.9083
2.1828
2.3837
2.4578
2.3837
2.1828
1.9083
1.6198
1.3617
1.1553
1.0033
0.89786
0.82843
0.78555
0.76243
0.89154
0.90009
0.92711
0.9769
1.0567
1.1766
1.3471
1.5755
1.8576
2.1693
2.463
2.6764
2.7549
2.6764
2.463
2.1692
1.8576
1.5755
1.3471
1.1766
1.0567
0.9769
0.92711
0.90009
0.89154
0.90009
0.92711
0.9769
1.0567
1.1766
1.3471
1.5755
1.8576
2.1693
2.463
2.6764
2.7549
2.6764
2.463
2.1692
1.8576
1.5755
1.3471
1.1766
1.0567
0.9769
0.92711
0.90009
1.0425
1.0522
1.0825
1.1374
1.223
1.3475
1.5185
1.7392
2.0023
2.2839
2.5425
2.727
2.7943
2.727
2.5424
2.2838
2.0023
1.7392
1.5185
1.3475
1.223
1.1374
1.0825
1.0522
1.0425
1.0522
1.0825
1.1374
1.223
1.3475
1.5185
1.7392
2.0023
2.2839
2.5425
2.727
2.7943
2.727
2.5425
2.2839
2.0023
1.7392
1.5185
1.3475
1.223
1.1374
1.0825
1.0522
1.2154
1.2257
1.2575
1.3134
1.3976
1.5145
1.6669
1.8534
2.0646
2.2806
2.4716
2.6044
2.6522
2.6044
2.4716
2.2806
2.0646
1.8534
1.6669
1.5145
1.3976
1.3134
1.2575
1.2257
1.2154
1.2257
1.2575
1.3134
1.3976
1.5145
1.6669
1.8534
2.0646
2.2806
2.4716
2.6044
2.6522
2.6044
2.4716
2.2806
2.0646
1.8534
1.6669
1.5145
1.3976
1.3134
1.2575
1.2257
1.4134
1.4231
1.4528
1.5033
1.5762
1.672
1.79
1.9258
2.0709
2.2117
2.3311
2.4116
2.4401
2.4116
2.3311
2.2117
2.0709
1.9258
1.79
1.672
1.5762
1.5033
1.4528
1.4231
1.4134
1.4231
1.4528
1.5033
1.5762
1.672
1.79
1.9258
2.0709
2.2117
2.3311
2.4116
2.4401
2.4116
2.3311
2.2117
2.0709
1.9258
1.79
1.672
1.5762
1.5033
1.4528
1.4231
1.6275
1.635
1.6575
1.6948
1.7464
1.8109
1.8859
1.9675
2.0498
2.1257
2.1874
2.2279
2.242
2.2279
2.1874
2.1257
2.0497
1.9675
1.886
1.8109
1.7464
1.6948
1.6575
1.635
1.6275
1.635
1.6575
1.6948
1.7464
1.8109
1.8859
1.9675
2.0497
2.1257
2.1874
2.2279
2.242
2.2279
2.1874
2.1257
2.0497
1.9675
1.8859
1.8109
1.7464
1.6948
1.6575
1.635
1.8273
1.8313
1.8432
1.8624
1.8882
1.919
1.9533
1.9889
2.0232
2.0535
2.0774
2.0927
2.098
2.0927
2.0774
2.0535
2.0232
1.9889
1.9533
1.919
1.8882
1.8624
1.8432
1.8313
1.8273
1.8313
1.8432
1.8624
1.8882
1.919
1.9533
1.9889
2.0232
2.0535
2.0774
2.0927
2.098
2.0927
2.0774
2.0535
2.0232
1.9889
1.9533
1.919
1.8882
1.8624
1.8432
1.8313
1.9645
1.9654
1.9681
1.9722
1.9777
1.9842
1.9911
1.9981
2.0047
2.0103
2.0147
2.0175
2.0184
2.0175
2.0147
2.0103
2.0047
1.9981
1.9911
1.9842
1.9777
1.9722
1.9681
1.9654
1.9645
1.9654
1.9681
1.9722
1.9777
1.9842
1.9911
1.9981
2.0047
2.0103
2.0147
2.0175
2.0184
2.0175
2.0147
2.0103
2.0047
1.9981
1.9911
1.9842
1.9777
1.9722
1.9681
1.9654
