0.55184
0.49506
0.35402
0.17979
-1.683e-06
-0.17979
-0.35402
-0.49506
-0.55184
-0.49506
-0.35402
-0.17979
4.6716e-07
0.17979
0.35402
0.49506
1.7357
1.3817
0.77595
0.33164
-2.947e-06
-0.33165
-0.77594
-1.3817
-1.7357
-1.3817
-0.77595
-0.33164
8.1804e-07
0.33164
0.77595
1.3817
3.3423
2.4022
1.1169
0.4341
-3.7987e-06
-0.43411
-1.1169
-2.4022
-3.3423
-2.4022
-1.1169
-0.4341
1.0545e-06
0.4341
1.1169
2.4022
3.2487
2.5134
1.3378
0.55499
-4.9022e-06
-0.555
-1.3378
-2.5134
-3.2487
-2.5134
-1.3378
-0.55499
1.3608e-06
0.55499
1.3378
2.5134
2
1.8478
1.4142
0.76536
-7.3464e-06
-0.76537
-1.4142
-1.8478
-2
-1.8478
-1.4142
-0.76536
2.0392e-06
0.76537
1.4142
1.8478
1.3346
1.3399
1.3378
1.0411
-1.1933e-05
-1.0411
-1.3378
-1.3399
-1.3346
-1.3399
-1.3378
-1.0411
3.3124e-06
1.0411
1.3378
1.3399
1.0342
1.048
1.1169
0.99501
-1.2277e-05
-0.99502
-1.1169
-1.048
-1.0342
-1.048
-1.1169
-0.99501
3.4078e-06
0.99501
1.1169
1.048
0.80231
0.80066
0.77595
0.57232
-6.3755e-06
-0.57233
-0.77595
-0.80066
-0.80231
-0.80066
-0.77595
-0.57233
1.7697e-06
0.57233
0.77595
0.80066
0.45817
0.43405
0.35402
0.20506
-2.027e-06
-0.20506
-0.35402
-0.43405
-0.45817
-0.43405
-0.35402
-0.20506
5.6266e-07
0.20506
0.35402
0.43405
0
0.20506
0.35402
0.43405
0.45817
0.43405
0.35402
0.20506
1.4644e-06
-0.20506
-0.35402
-0.43405
-0.45817
-0.43405
-0.35402
-0.20506
0
0.57232
0.77595
0.80065
0.8023
0.80065
0.77595
0.57232
4.6057e-06
-0.57232
-0.77595
-0.80065
-0.8023
-0.80065
-0.77595
-0.57232
0
0.99501
1.1169
1.048
1.0342
1.048
1.1169
0.99502
8.8691e-06
-0.99501
-1.1169
-1.048
-1.0342
-1.048
-1.1169
-0.99501
0
1.0411
1.3378
1.3399
1.3346
1.3399
1.3378
1.0411
8.6206e-06
-1.0411
-1.3378
-1.3399
-1.3346
-1.3399
-1.3378
-1.0411
0
0.76537
1.4142
1.8478
2
1.8477
1.4142
0.76538
5.3072e-06
-0.76537
-1.4142
-1.8478
-2
-1.8478
-1.4142
-0.76536
0
0.55499
1.3378
2.5134
3.2487
2.5134
1.3378
0.55499
3.5414e-06
-0.55499
-1.3378
-2.5134
-3.2487
-2.5134
-1.3378
-0.55498
0
0.4341
1.1169
2.4022
3.3423
2.4022
1.1169
0.43411
2.7443e-06
-0.4341
-1.1169
-2.4022
-3.3423
-2.4022
-1.1169
-0.4341
0
0.33164
0.77595
1.3817
1.7357
1.3817
0.77596
0.33165
2.129e-06
-0.33164
-0.77595
-1.3817
-1.7357
-1.3817
-0.77595
-0.33164
0
0.17979
0.35402
0.49506
0.55184
0.49506
0.35402
0.17979
1.2158e-06
-0.17979
-0.35402
-0.49506
-0.55184
-0.49506
-0.35402
-0.17979
-2.1342
-2.0724
-1.9363
-1.817
-1.772
-1.817
-1.9363
-2.0724
-2.1342
-2.0724
-1.9363
-1.817
-1.772
-1.817
-1.9363
-2.0724
-2.6447
-2.2788
-1.6721
-1.3205
-1.2225
-1.3205
-1.6721
-2.2788
-2.6447
-2.2788
-1.6721
-1.3205
-1.2225
-1.3205
-1.6721
-2.2788
-2.5957
-2.0193
-1.2267
-0.88097
-0.80316
-0.88098
-1.2267
-2.0193
-2.5957
-2.0193
-1.2267
-0.88097
-0.80316
-0.88097
-1.2267
-2.0193
-1.1136
-0.93251
-0.64851
-0.49711
-0.45746
-0.49711
-0.64851
-0.9325
-1.1136
-0.93251
-0.64851
-0.49711
-0.45746
-0.49711
-0.64851
-0.93251
-7.3465e-06
-7.3464e-06
-7.3464e-06
-7.3464e-06
-7.3464e-06
-7.3464e-06
-7.3464e-06
-7.3464e-06
-7.3465e-06
-7.3464e-06
-7.3464e-06
-7.3464e-06
-7.3464e-06
-7.3464e-06
-7.3464e-06
-7.3464e-06
0.45746
0.49712
0.64851
0.93252
1.1136
0.93251
0.64852
0.49712
0.45746
0.49712
0.64851
0.93252
1.1136
0.93251
0.64851
0.49711
0.80316
0.88097
1.2267
2.0193
2.5957
2.0193
1.2267
0.88097
0.80316
0.88097
1.2267
2.0193
2.5957
2.0193
1.2267
0.88097
1.2225
1.3205
1.6721
2.2788
2.6447
2.2788
1.6721
1.3205
1.2225
1.3205
1.6721
2.2788
2.6447
2.2788
1.6721
1.3205
1.772
1.817
1.9363
2.0724
2.1342
2.0724
1.9363
1.817
1.772
1.817
1.9363
2.0724
2.1342
2.0724
1.9363
1.817
