0.28197
0.27594
0.25829
0.23028
0.19371
0.15055
0.10276
0.052072
-9.7838e-07
-0.052074
-0.10276
-0.15055
-0.1937
-0.23028
-0.25829
-0.27594
-0.28197
-0.27594
-0.25829
-0.23028
-0.19371
-0.15055
-0.10276
-0.052073
2.7158e-07
0.052073
0.10276
0.15055
0.19371
0.23029
0.25829
0.27594
0.7208
0.69844
0.63601
0.54505
0.43867
0.32713
0.21605
0.10722
-2.0001e-06
-0.10722
-0.21606
-0.32712
-0.43867
-0.54504
-0.63601
-0.69844
-0.7208
-0.69844
-0.63601
-0.54505
-0.43868
-0.32713
-0.21606
-0.10722
5.552e-07
0.10722
0.21606
0.32713
0.43868
0.54505
0.63601
0.69844
1.3459
1.2814
1.1122
0.89242
0.67109
0.47257
0.29976
0.14538
-2.6923e-06
-0.14538
-0.29976
-0.47256
-0.67109
-0.89242
-1.1122
-1.2814
-1.3459
-1.2814
-1.1122
-0.89243
-0.67109
-0.47257
-0.29976
-0.14538
7.4734e-07
0.14538
0.29976
0.47257
0.67109
0.89243
1.1122
1.2814
2.2093
2.0603
1.691
1.26
0.88231
0.58918
0.36221
0.17313
-3.1935e-06
-0.17314
-0.36222
-0.58918
-0.8823
-1.26
-1.691
-2.0603
-2.2093
-2.0603
-1.691
-1.26
-0.88231
-0.58918
-0.36221
-0.17313
8.8645e-07
0.17314
0.36222
0.58919
0.88231
1.26
1.691
2.0603
3.1187
2.8653
2.259
1.5968
1.0653
0.68862
0.41663
0.19802
-3.6483e-06
-0.19803
-0.41664
-0.68862
-1.0653
-1.5968
-2.259
-2.8653
-3.1187
-2.8653
-2.259
-1.5968
-1.0653
-0.68862
-0.41664
-0.19802
1.0127e-06
0.19803
0.41664
0.68863
1.0653
1.5968
2.259
2.8653
3.5938
3.2983
2.593
1.8261
1.2142
0.78315
0.47336
0.22492
-4.1436e-06
-0.22493
-0.47337
-0.78314
-1.2142
-1.8261
-2.593
-3.2983
-3.5938
-3.2983
-2.593
-1.8261
-1.2142
-0.78315
-0.47337
-0.22492
1.1502e-06
0.22493
0.47337
0.78316
1.2142
1.8261
2.593
3.2983
3.3428
3.1149
2.5513
1.8957
1.3241
0.88263
0.5421
0.25902
-4.7772e-06
-0.25903
-0.54211
-0.88262
-1.3241
-1.8957
-2.5513
-3.1149
-3.3428
-3.1149
-2.5513
-1.8957
-1.3241
-0.88263
-0.5421
-0.25902
1.3261e-06
0.25902
0.54211
0.88264
1.3241
1.8958
2.5513
3.1149
2.6552
2.5394
2.2312
1.8201
1.3915
0.99298
0.63542
0.30961
-5.742e-06
-0.30963
-0.63544
-0.99297
-1.3915
-1.8201
-2.2312
-2.5394
-2.6552
-2.5394
-2.2312
-1.8201
-1.3915
-0.99298
-0.63543
-0.30962
1.5939e-06
0.30962
0.63543
0.99299
1.3915
1.8201
2.2312
2.5394
2
1.9616
1.8478
1.6629
1.4142
1.1111
0.76536
0.39017
-7.3464e-06
-0.39019
-0.76537
-1.1111
-1.4142
-1.6629
-1.8478
-1.9616
-2
-1.9616
-1.8478
-1.6629
-1.4142
-1.1111
-0.76536
-0.39018
2.0392e-06
0.39018
0.76537
1.1111
1.4142
1.6629
1.8478
1.9616
1.5632
1.5566
1.5341
1.4861
1.3915
1.2162
0.92419
0.50512
-9.7533e-06
-0.50514
-0.9242
-1.2162
-1.3915
-1.4861
-1.5341
-1.5566
-1.5632
-1.5566
-1.5341
-1.4861
-1.3915
-1.2162
-0.92419
-0.50512
2.7073e-06
0.50513
0.92419
1.2162
1.3915
1.4861
1.5341
1.5566
1.3006
1.3022
1.3088
1.3209
1.3241
1.2667
1.0568
0.61959
-1.2279e-05
-0.61961
-1.0568
-1.2667
-1.3241
-1.321
-1.3088
-1.3022
-1.3006
-1.3022
-1.3088
-1.3209
-1.3241
-1.2667
-1.0568
-0.6196
3.4084e-06
0.6196
1.0568
1.2667
1.3241
1.3209
1.3088
1.3022
1.1281
1.1308
1.1428
1.1721
1.2142
1.2202
1.0741
0.65606
-1.3201e-05
-0.65609
-1.0741
-1.2202
-1.2142
-1.1721
-1.1428
-1.1308
-1.1281
-1.1308
-1.1428
-1.1721
-1.2142
-1.2202
-1.0741
-0.65607
3.6643e-06
0.65608
1.0741
1.2202
1.2142
1.1721
1.1428
1.1308
0.99321
0.99554
1.0058
1.0306
1.0653
1.067
0.93571
0.56993
-1.1456e-05
-0.56995
-0.93572
-1.067
-1.0653
-1.0306
-1.0058
-0.99554
-0.99321
-0.99554
-1.0058
-1.0306
-1.0653
-1.067
-0.93571
-0.56994
3.1799e-06
0.56994
0.93572
1.067
1.0653
1.0306
1.0058
0.99554
0.86939
0.87041
0.87446
0.88178
0.88231
0.84189
0.70044
0.40981
-8.1153e-06
-0.40983
-0.70045
-0.84189
-0.88231
-0.88178
-0.87446
-0.87041
-0.86939
-0.87041
-0.87446
-0.88178
-0.88231
-0.84189
-0.70044
-0.40982
2.2527e-06
0.40982
0.70045
0.84189
0.88231
0.88178
0.87446
0.87041
0.73296
0.73087
0.72368
0.70724
0.67109
0.5963
0.46067
0.25488
-4.9437e-06
-0.25489
-0.46068
-0.59629
-0.67109
-0.70724
-0.72368
-0.73087
-0.73296
-0.73088
-0.72368
-0.70725
-0.67109
-0.5963
-0.46067
-0.25488
1.3723e-06
0.25488
0.46067
0.5963
0.67109
0.70725
0.72368
0.73088
0.54452
0.53901
0.5216
0.48958
0.43867
0.36419
0.26344
0.13892
-2.6476e-06
-0.13893
-0.26345
-0.36418
-0.43867
-0.48958
-0.5216
-0.53901
-0.54452
-0.53901
-0.5216
-0.48958
-0.43867
-0.36419
-0.26344
-0.13893
7.3493e-07
0.13893
0.26344
0.36419
0.43867
0.48958
0.5216
0.53901
0.26635
0.26178
0.24809
0.22531
0.1937
0.15387
0.10698
0.054886
-1.0357e-06
-0.054888
-0.10699
-0.15387
-0.1937
-0.22531
-0.24809
-0.26178
-0.26635
-0.26178
-0.24809
-0.22531
-0.1937
-0.15387
-0.10699
-0.054886
2.875e-07
0.054887
0.10699
0.15387
0.1937
0.22531
0.24809
0.26178
0
0.054888
0.10699
0.15387
0.19371
0.22532
0.24809
0.26179
0.26636
0.26179
0.24809
0.22532
0.19371
0.15387
0.10699
0.054889
7.4824e-07
-0.054887
-0.10699
-0.15387
-0.19371
-0.22532
-0.24809
-0.26179
-0.26636
-0.26179
-0.24809
-0.22532
-0.19371
-0.15387
-0.10699
-0.054886
0
0.13893
0.26345
0.36419
0.43867
0.48958
0.52161
0.53902
0.54452
0.53902
0.52161
0.48958
0.43868
0.36419
0.26345
0.13893
1.9127e-06
-0.13893
-0.26344
-0.36419
-0.43867
-0.48958
-0.52161
-0.53902
-0.54452
-0.53902
-0.52161
-0.48958
-0.43867
-0.36419
-0.26344
-0.13893
0
0.25488
0.46068
0.5963
0.67109
0.70725
0.72368
0.73088
0.73296
0.73088
0.72368
0.70725
0.67109
0.5963
0.46068
0.25489
3.5714e-06
-0.25488
-0.46067
-0.5963
-0.67109
-0.70725
-0.72368
-0.73088
-0.73296
-0.73088
-0.72368
-0.70725
-0.67109
-0.5963
-0.46067
-0.25488
0
0.40982
0.70044
0.84188
0.88231
0.88178
0.87446
0.8704
0.86939
0.8704
0.87446
0.88178
0.88231
0.84189
0.70044
0.40982
5.8626e-06
-0.40981
-0.70044
-0.84188
-0.88231
-0.88178
-0.87446
-0.8704
-0.86939
-0.8704
-0.87446
-0.88178
-0.8823
-0.84188
-0.70043
-0.40981
0
0.56994
0.93571
1.067
1.0653
1.0306
1.0058
0.99554
0.99321
0.99554
1.0058
1.0306
1.0653
1.067
0.93572
0.56995
8.2758e-06
-0.56993
-0.93571
-1.067
-1.0653
-1.0306
-1.0058
-0.99554
-0.99321
-0.99554
-1.0058
-1.0306
-1.0653
-1.067
-0.93571
-0.56993
0
0.65608
1.0741
1.2202
1.2142
1.1721
1.1428
1.1308
1.1281
1.1308
1.1428
1.1721
1.2142
1.2202
1.0741
0.65608
9.5366e-06
-0.65607
-1.0741
-1.2202
-1.2142
-1.1721
-1.1428
-1.1308
-1.1281
-1.1308
-1.1428
-1.1721
-1.2142
-1.2202
-1.0741
-0.65606
0
0.6196
1.0568
1.2667
1.3241
1.321
1.3088
1.3022
1.3006
1.3022
1.3088
1.321
1.3241
1.2667
1.0568
0.6196
8.8704e-06
-0.61959
-1.0568
-1.2667
-1.3241
-1.321
-1.3088
-1.3022
-1.3006
-1.3022
-1.3088
-1.321
-1.3241
-1.2667
-1.0568
-0.61958
0
0.50513
0.92419
1.2162
1.3915
1.4861
1.5341
1.5566
1.5632
1.5566
1.5341
1.4861
1.3915
1.2162
0.9242
0.50513
7.0459e-06
-0.50512
-0.92419
-1.2162
-1.3915
-1.4861
-1.5341
-1.5566
-1.5632
-1.5566
-1.5341
-1.4861
-1.3915
-1.2162
-0.92418
-0.50511
0
0.39018
0.76537
1.1111
1.4142
1.6629
1.8478
1.9616
2
1.9616
1.8477
1.6629
1.4142
1.1111
0.76538
0.39019
5.3072e-06
-0.39018
-0.76537
-1.1111
-1.4142
-1.6629
-1.8478
-1.9616
-2
-1.9616
-1.8478
-1.6629
-1.4142
-1.1111
-0.76536
-0.39017
0
0.30962
0.63543
0.99298
1.3915
1.8201
2.2312
2.5394
2.6552
2.5394
2.2312
1.8201
1.3915
0.99299
0.63543
0.30962
4.1481e-06
-0.30962
-0.63542
-0.99298
-1.3915
-1.8201
-2.2312
-2.5394
-2.6552
-2.5394
-2.2312
-1.8201
-1.3915
-0.99298
-0.63542
-0.30961
0
0.25902
0.5421
0.88263
1.3241
1.8957
2.5513
3.1149
3.3428
3.1149
2.5513
1.8958
1.3241
0.88264
0.54211
0.25903
3.4512e-06
-0.25902
-0.5421
-0.88263
-1.3241
-1.8957
-2.5513
-3.1149
-3.3428
-3.1149
-2.5513
-1.8957
-1.3241
-0.88262
-0.5421
-0.25902
0
0.22492
0.47337
0.78315
1.2142
1.8261
2.593
3.2983
3.5938
3.2983
2.593
1.8261
1.2142
0.78316
0.47337
0.22493
2.9934e-06
-0.22492
-0.47336
-0.78315
-1.2142
-1.8261
-2.593
-3.2983
-3.5938
-3.2983
-2.593
-1.8261
-1.2142
-0.78315
-0.47336
-0.22492
0
0.19802
0.41664
0.68862
1.0653
1.5968
2.259
2.8653
3.1187
2.8653
2.259
1.5968
1.0653
0.68863
0.41664
0.19803
2.6356e-06
-0.19802
-0.41663
-0.68862
-1.0653
-1.5968
-2.259
-2.8653
-3.1187
-2.8653
-2.259
-1.5968
-1.0653
-0.68862
-0.41663
-0.19802
0
0.17313
0.36221
0.58919
0.88231
1.26
1.691
2.0603
2.2093
2.0603
1.691
1.26
0.88232
0.58919
0.36222
0.17314
2.307e-06
-0.17313
-0.36221
-0.58918
-0.88231
-1.26
-1.691
-2.0603
-2.2093
-2.0603
-1.691
-1.26
-0.88231
-0.58918
-0.36221
-0.17313
0
0.14538
0.29976
0.47257
0.67109
0.89242
1.1122
1.2814
1.3459
1.2814
1.1122
0.89243
0.67109
0.47257
0.29976
0.14538
1.945e-06
-0.14538
-0.29976
-0.47256
-0.67109
-0.89242
-1.1122
-1.2814
-1.3459
-1.2814
-1.1122
-0.89242
-0.67108
-0.47256
-0.29975
-0.14538
0
0.10722
0.21605
0.32712
0.43867
0.54504
0.63601
0.69843
0.72079
0.69843
0.636
0.54504
0.43867
0.32713
0.21606
0.10722
1.4449e-06
-0.10722
-0.21605
-0.32712
-0.43867
-0.54504
-0.63601
-0.69843
-0.72079
-0.69843
-0.63601
-0.54504
-0.43867
-0.32712
-0.21605
-0.10721
0
0.052072
0.10276
0.15055
0.1937
0.23028
0.25829
0.27593
0.28197
0.27593
0.25829
0.23028
0.1937
0.15055
0.10276
0.052073
7.0678e-07
-0.052072
-0.10276
-0.15055
-0.1937
-0.23028
-0.25829
-0.27593
-0.28197
-0.27593
-0.25829
-0.23028
-0.1937
-0.15055
-0.10276
-0.052071
-2.0392
-2.0347
-2.0219
-2.003
-1.9812
-1.9598
-1.942
-1.9304
-1.9263
-1.9304
-1.942
-1.9598
-1.9811
-2.003
-2.0219
-2.0347
-2.0392
-2.0347
-2.0219
-2.003
-1.9812
-1.9598
-1.942
-1.9304
-1.9263
-1.9304
-1.942
-1.9598
-1.9812
-2.003
-2.0219
-2.0347
-2.2091
-2.1825
-2.1099
-2.0091
-1.9013
-1.8046
-1.7303
-1.6844
-1.6689
-1.6844
-1.7303
-1.8046
-1.9013
-2.0091
-2.1099
-2.1825
-2.2091
-2.1825
-2.1099
-2.0091
-1.9013
-1.8046
-1.7303
-1.6844
-1.6689
-1.6844
-1.7303
-1.8046
-1.9014
-2.0091
-2.1099
-2.1825
-2.4966
-2.4235
-2.233
-1.9909
-1.7605
-1.5778
-1.453
-1.3823
-1.3596
-1.3823
-1.453
-1.5778
-1.7605
-1.9909
-2.233
-2.4235
-2.4966
-2.4235
-2.233
-1.9909
-1.7605
-1.5778
-1.453
-1.3823
-1.3596
-1.3823
-1.453
-1.5778
-1.7605
-1.991
-2.233
-2.4235
-2.7675
-2.6314
-2.2928
-1.8982
-1.563
-1.3285
-1.1857
-1.1117
-1.0891
-1.1117
-1.1857
-1.3284
-1.563
-1.8982
-2.2928
-2.6314
-2.7675
-2.6314
-2.2928
-1.8982
-1.563
-1.3285
-1.1857
-1.1117
-1.0891
-1.1117
-1.1857
-1.3285
-1.563
-1.8982
-2.2928
-2.6314
-2.7228
-2.5505
-2.1347
-1.6767
-1.3153
-1.0821
-0.9505
-0.88618
-0.86712
-0.88618
-0.95051
-1.0821
-1.3153
-1.6767
-2.1347
-2.5505
-2.7228
-2.5505
-2.1347
-1.6767
-1.3153
-1.0821
-0.95051
-0.88618
-0.86712
-0.88618
-0.95051
-1.0821
-1.3153
-1.6767
-2.1347
-2.5505
-2.146
-2.0081
-1.676
-1.3115
-1.0254
-0.84175
-0.73864
-0.68846
-0.67362
-0.68846
-0.73865
-0.84175
-1.0254
-1.3115
-1.676
-2.0081
-2.146
-2.0081
-1.676
-1.3115
-1.0254
-0.84175
-0.73864
-0.68846
-0.67362
-0.68846
-0.73864
-0.84175
-1.0254
-1.3115
-1.676
-2.0081
-1.254
-1.1914
-1.0359
-0.85529
-0.70246
-0.59597
-0.5314
-0.49806
-0.48788
-0.49806
-0.5314
-0.59596
-0.70246
-0.85529
-1.0359
-1.1914
-1.254
-1.1914
-1.0359
-0.85529
-0.70246
-0.59597
-0.5314
-0.49806
-0.48788
-0.49806
-0.5314
-0.59597
-0.70246
-0.85529
-1.0359
-1.1914
-0.48165
-0.46966
-0.43807
-0.39708
-0.35696
-0.32421
-0.3012
-0.28788
-0.28356
-0.28788
-0.3012
-0.32421
-0.35696
-0.39708
-0.43807
-0.46966
-0.48165
-0.46966
-0.43807
-0.39708
-0.35696
-0.32421
-0.3012
-0.28788
-0.28356
-0.28788
-0.3012
-0.32421
-0.35696
-0.39708
-0.43807
-0.46966
-7.3465e-06
-7.3464e-06
-7.3464e-06
-7.3464e-06
-7.3464e-06
-7.3464e-06
-7.3464e-06
-7.3464e-06
-7.3464e-06
-7.3464e-06
-7.3464e-06
-7.3464e-06
-7.3464e-06
-7.3464e-06
-7.3464e-06
-7.3464e-06
-7.3465e-06
-7.3464e-06
-7.3464e-06
-7.3464e-06
-7.3464e-06
-7.3464e-06
-7.3464e-06
-7.3464e-06
-7.3464e-06
-7.3464e-06
-7.3464e-06
-7.3464e-06
-7.3464e-06
-7.3464e-06
-7.3464e-06
-7.3464e-06
0.28356
0.28789
0.3012
0.32422
0.35697
0.39709
0.43808
0.46967
0.48166
0.46967
0.43808
0.39709
0.35697
0.32422
0.3012
0.28789
0.28356
0.28789
0.3012
0.32422
0.35697
0.39709
0.43808
0.46967
0.48166
0.46967
0.43808
0.39709
0.35697
0.32422
0.3012
0.28789
0.48788
0.49806
0.53141
0.59597
0.70246
0.8553
1.0359
1.1914
1.254
1.1914
1.0359
0.8553
0.70247
0.59597
0.53141
0.49806
0.48788
0.49806
0.53141
0.59597
0.70246
0.8553
1.0359
1.1914
1.254
1.1914
1.0359
0.85529
0.70246
0.59597
0.53141
0.49806
0.67362
0.68846
0.73865
0.84176
1.0254
1.3115
1.676
2.0082
2.146
2.0081
1.676
1.3115
1.0254
0.84176
0.73865
0.68846
0.67362
0.68846
0.73865
0.84175
1.0254
1.3115
1.676
2.0081
2.146
2.0081
1.676
1.3115
1.0254
0.84175
0.73865
0.68846
0.86712
0.88618
0.95051
1.0821
1.3153
1.6767
2.1347
2.5505
2.7228
2.5505
2.1347
1.6767
1.3153
1.0821
0.95051
0.88618
0.86712
0.88618
0.9505
1.0821
1.3153
1.6767
2.1347
2.5505
2.7228
2.5505
2.1347
1.6767
1.3153
1.0821
0.9505
0.88618
1.089
1.1117
1.1857
1.3284
1.563
1.8982
2.2928
2.6314
2.7675
2.6314
2.2928
1.8982
1.563
1.3285
1.1857
1.1117
1.089
1.1117
1.1857
1.3284
1.563
1.8982
2.2928
2.6314
2.7675
2.6314
2.2928
1.8982
1.563
1.3284
1.1856
1.1117
1.3596
1.3823
1.453
1.5778
1.7605
1.9909
2.233
2.4235
2.4965
2.4235
2.233
1.991
1.7605
1.5778
1.453
1.3823
1.3596
1.3823
1.453
1.5778
1.7605
1.9909
2.233
2.4235
2.4965
2.4235
2.233
1.9909
1.7605
1.5778
1.453
1.3823
1.6689
1.6844
1.7303
1.8046
1.9014
2.0091
2.1099
2.1825
2.2091
2.1825
2.1099
2.0091
1.9014
1.8046
1.7303
1.6844
1.6689
1.6844
1.7303
1.8046
1.9014
2.0091
2.1099
2.1825
2.2091
2.1825
2.1099
2.0091
1.9013
1.8046
1.7303
1.6844
1.9263
1.9304
1.942
1.9598
1.9812
2.003
2.0219
2.0347
2.0392
2.0347
2.0219
2.003
1.9812
1.9598
1.942
1.9304
1.9263
1.9304
1.942
1.9598
1.9812
2.003
2.0219
2.0347
2.0392
2.0347
2.0219
2.003
1.9812
1.9598
1.942
1.9304
